old:
01.trace:
10	0.199851	0.366446	12.3220
02.trace:
10	0.113404	0.750450	12.6444

opt:
01.trace:
00	0.170506	0.368267	10.9842
01	0.154387	0.391036	10.5809
02	0.169384	0.364934	10.8752
10	0.170506	0.253592	9.0290
11	0.154387	0.278690	8.8465
12	0.169384	0.250581	8.9383
20	0.170506	0.297755	9.7820
21	0.154387	0.319857	9.4820
22	0.169384	0.295825	9.7046
02.trace:
00	0.028374	0.475987	4.6343
01	0.027759	0.429313	4.4693
02	0.028374	0.475987	4.6343
10	0.028374	0.434213	4.5158
11	0.027759	0.420807	4.4457
12	0.028374	0.434213	4.5158
20	0.028374	0.432578	4.5111
21	0.027759	0.429323	4.4694
22	0.028374	0.432578	4.5111
old 1.trace(bad locality):
00	0.468980	0.501112	31.1909
01	0.450790	0.458790	28.1897
02	0.356870	0.536889	25.7287
10	0.468980	0.313898	22.4110
11	0.450790	0.281081	20.1788
12	0.356870	0.352915	19.1632
20	0.468980	0.400044	26.4510
21	0.450790	0.346032	23.1067
22	0.356870	0.455571	22.8267



